2846259680917054518906413212119868890148051401702799230794179
9942744113400037644437729907867577847758158840621423175288300
4233994015351873905242116138271617481982419982759241828925978
7898124253120594659962598670656016157203603239792632873671705
5741975962099479720346153698119897092611277500484198845410475
5446424421365733030767036288258035489674611170973695786036701
9107151273058728104115864056128116538532596842582599558468814
6430425589836649317059251717204276597407446133400054194052462
3034368691540594040662278282483715120383221786446271838229238
9963899282722187970245938769380309462733229257055545969002787
5282242544348021127559019169425429028916907219097083690539873
7474524833728995218023632827412170402680867692104515558405671
7255537201585213282903427998981844931361064038148930449962159
9999359670892980190336998484404665419236258424947163178961192
0412331082686510713545168455409360330096072103469443779823494
3078062606942230268188522759205702923084312618849760656074258
6279448827155956831533440534425446648416894580425709461673613
1876052349822863264529215294234798706033442907371586884991789
3258069148316885425195600617237263632397442078692464295601230
6288720122652952964091508301336630982733806353972901506581822
5742954758943997651138655412081257886837042392087644847615690
0126488927159070630640966162803878404448519164379080718611237
0622133415415065991843875961023926713276546986163657706626438
6380298480519527695361952592409309086144719073907685857559347
8698172073437209310482547562856777769408156407496227525499338
41128092896375169902198704924056175317863469397980246197
3707904186832993101655415074230839317687836692369484902599960
7729684293977427536263119825416681531891763234839190821000147
1789321842278051351817349219011462468757698353734414560131226
1522139117875968836736408720793700299203827919803870237207803
9140312368997608152840306051116709484722224870389199993442071
3958369830639622320791156240442508089199143198371204455983440
4755675948921210149815245454359428541439084356441998422485547
8532163624030098442855331829253154206551237079705816393460296
2476970103887422064415366267337154287007891227493406843364428
8984710084064160009362393526124803797529334392876439831639031
2776450722479267851700826669598389526150759007349215197592659
1927088732025940663821188019888547482660483422564577057439731
2225970067193606176351357952982179429079770532728326750148802
4443528681645026165662837546519006171873442260438919298506071
5153900311066847273601358167064378617567574391843764796581361
0059963868955233464878174614324357322486432679848198145843270
303589550842053478849336458248259203328808902578
2388233265770205248970937047210214248413342465268206806732314
2144838540741821396218468701083595829469652356327648704757183
5161687923506836627174371191572336114307012112076760869785155
9721846485985918643641716850899625516820910793570231118518174
7750108046225855213147648974906607528770828976675149510096823
2968973200062239288805665803614031128546592908407803397490066
4953205873164948093883816198658850827382468034897864757116679
8904235680183035041338757319726308979094357106877973016339180
8786847494363353389337358690640584841782806519627582643442925
8058422212947649402948622670761832988229004072390403733168207
4174132516566884430793394470192089056207883875853425128209573
5930701819770834016381763827856253951682542664461494104471157
9533262372815468794080423718587423026200264221822694188626212
1072977766574010183761822801368575864421858630115398437122991
0701009406192941322320277319395946700671369537709789777811828
8242442920864816134179562017471831609687661043140497958198236
445807368209404022211181530051433387076607063149
6161077711174480595527643483333857440402127570318515272983774
3592187855855279559102866445791736200722185814330997729477892
3720717942857756271300923982397921957581197264742642878266682
3539156878572716201461922442662667084007656656258071094743987
4011077281166991880626872662656558334566500789030905065607463
3078027158530817691223772813510584527326591626219647620571434
8802156308152590053437211410003030392428664572073284734817120
3416818632896886504828736793339844397123673508452734019630942
7697652684170174990756947982757825835229994315633322107439131
5501244590053247026803129123922979790304175878233986223735350
5464264691350250395100923928658510868208807066273473320035499
5720397086488066040929854607006339409885836349865466136727880
7487647007024587901180465182961112770906090161520221114615431
5831766995706097461808535939040006789287854882785093863735370
3904049412684618991272871562655001270833039950257879931705431
8827526592258149489507466399760073169273108317358830566126147
829976631880700630446324291122606919312788815662
2159152327045769586751282199093894268660196390448971891859747
2925310322480210543841044325828472830584297804162405108110326
9140019005687843963415026965210489202721402321602348985888273
7142869533968175510628747090747371818801422348724849855819843
9094651708364368994306189650243288353279667190184527620551085
7076262042445096233232047447078311904344993514426255017017710
1737955112474615947173186270156557126629585512507771173833820
8419705893367323724453280456537178514960308802580284067847809
4146418386592266528068679788432506605379430462502871051049293
4726747126749989263462735816714693506049511034075540465817039
3481046758485625967767959768299409334026387269378365320912287
7180774511526226425487718354611088863608432728062277766430972
8387905672861803604863346489337143941525025945965250152095953
6157977135595794965729775650902694428088479761276664847003619
6489060437619346942704440702153179435838310514049154626087284
8667875054167414673164899935638131286693142761686353730563458
662695789456827506581023595081488877895507393936
5341937365700848318504475682215444067599203138077073539978036
3392673345495492966687599225308938980864306065329617931640296
1249267308063803187391259615113189035935126648081856836677028
6537742390746582390910955517179770580797789289752490230737801
7531426803639142447202577288917849500781178893366297504368042
1466819782427298069757939174222945668318581567681628879787062
4531246651727622758295493421483658868919299587402095696000243
5603052898298663868920769928340305497102665143223061252319151
3184387690382370620539920693394371688046642971147674356448637
5026847698148853105354063328845062012173302630676481322931561
0435519417610507124490248732772731120919458651374931909651624
9769165755381219856643220797866630039893866023860735785811439
4715872800893374165033792965832618436073133327526023605115524
2272284472514638632693697637625101967143801256912277844284269
9944082915221590469443728249865808520518657629299277550883312
8672638418713277780874446643875352644733562441139447628780974
650683952982108174967958836452273344694873793471
7907100649782364660166805720342979292074468223228486658395222
1144685957285840386337727803022759153049786587391951365024627
4195899088374387331594287372029770620207120213038572175933211
1624133304227737424163535535879770653096476858860773014327782
9032889479581840437885856777293209447677866935753746004814237
6741194182671636870481056911156215614357516290527351224350080
6046536689174581965494826086122607502930627614788132689552807
3614902252581968281505103331813212965966495815903042123877564
5990973296728066683849166257949747922905361845563741034791430
7715611686504842924902811029925296787352987678292690407887784
8026247922275073594840581743908625187794689004594206016860514
2772244486272469911146200149880662723538837809380628544384763
0532350701320280294883920081321354464500561349870178342711061
5817728981929065649868808104556223370306725425127727733028349
8433595772575956224703707793387146593033088629699440318332665
7975146765027173462988837773978482187007180267412659971587280
354404784324786749071279216728985235884869435466
9225510133760637791516459725425711696847733995115899834908188
8281263984400505546210066988792614558214565319696909827253934
5157604086134762587781658672944107753588241623157790825380547
4693354058246971767432452345149848302717039654388773763735819
1736582454273347490424262946011299881916563713847111849156915
0547681404117498014542657123942044254410280758060013881986506
1375928853903892264432294799028648284009959867596358099911269
5367601527173086852756572147583507122298296529564917835071750
8357413622825450556202709694174767992592297748886274113145876
7614753145689532809311705269648641018740767329698664923643738
2565475022816471926815559883196629848307776666840622314315884
3849105190582818167407644630333001197102930364558665946518690
7447525083784198762299041591179368279976065418608872162665488
6492344391030923256910633775969739051781122764668486791736049
4043937033393519006093872683972992464784837272747709774666935
9978485712015678900024194726922097498412732314740154998092038
145982141648117635714780155423159966783853485448
6406936410556913531335231184053581348940938191821898694825383
9609899428220275993396352062177053435720733962505742167694651
0160849560143930324430427157609952730868460920442222610315422
9984444802110098161333824827375218998738205315164927134498105
9501599748005715919122021544877487501034732461906339413030308
9239941198500622590218416440998817321432442210855424862089625
0260604398180189026317781146617454999771440665232863846363847
0016556181538610981881111817341913055050248603458567555856375
1172977429932907494423657966833270091836733897734790175924888
5660379952771540569083017311723894140326159612292912225191095
9487438056733812785386164918427869384175568980471008598683720
3361517515809702256627520016095619222992540175987852203854591
3771783976389811198485803291048751666921195104514896677761598
2494687274206634375932078526189226872855276713248832677941529
1283916540796834419023909480367668870783801136704275397139620
1424784935196735301444404037823526674437556740883025225745273
806209980451233188102729012042997989005423126217
9681352377580411625114591759932791341765072928267622368972919
6052828967522352142523421724784186931739746041187763460462563
7135309801590617736758715336803958559054827361876112151384673
4328843250900456453581866819051087317913462157303395405809871
7201384437709927953279767553109938136584040355679573189414197
6511436325526270639743146526348120032720096755667701926242585
0577706178937982310969867884485466595273270616703089182772064
3255191939367359134603775708319318084592956515887524459760172
9455720505595085929175506510115665075521635142318153548176884
1960320850508714962704940176841839805825940381825939864612602
7595424743337622625628715391606902509898507079866062173220016
3593938611475394561406635675718526617031471453516753007499213
8652077685238248846006237358966080549516524064805472958699186
9435881119783368014148807832121345715236012406592220850891295
6907835370576734671667863780908811283450395784812212101117250
7183833590838861875746612013172982171310729447376562651723106
948844254983695141473838924777423209402078312008
0723532628805390626601818605042493878867787249550325542428422
6596271050692646071767467502337805671893450110737377034119346
1133740338653646751367336613947315502114571046711614452533248
5019790108343164198999841404504490113016375952067571556750948
5243580269104077637210998671624254795385312852889930956570729
2186735232166660978749896353626105298214725694827999962208257
7584098845848425039118944760872968518498397636791824226657116
7166580157914500811657192200233759765317495922397884982814705
5061906892756252104621856613058002556079746097267150333270323
1002527464042875555654688376583880254322740350743168427862063
7697054791726484378174446361520570933228587284315690756255569
3055588188226035900067393399525043798874709350792761811162763
0977125798397599652661212031749588205943575488386228250840140
8885720583992400971219212548074097752974278775912566026443482
7136472318491251808662787086261166999896348124058036847945873
6482012465366322888901163657227088775773615200345010226889018
910167357205866141001172366476265783539636429781
9011647056170279631922332294228739309233330748258937626198997
5965300841353832411258996396294451290828020232254989366275064
9953083892563224679469596066904690668629264500621974012178289
9872979704859021775060092893328957272392019589994471945147360
8507704007257174393181484619094062695452850305263410005650222
2615230936488288712204645426770057714899433514716250425236517
3710266068647253458120186683273953682547456536553597546685788
7000569883602866864507402569930874834410940860863037079082952
4057673168494185581048247530475892339280157130282410623499994
5932390521409856559565661346003396150515164758852742214732517
9995489779928495227460298556667008118712008561550164574004841
7021030303899633925333746655681782441073740933691929410463230
7731994759826307383499600770372410446285414648704116273895649
8345551621656851145513838220470054839966717062464675661012913
8204890912111722938624425315891306698746204558724480605282937
8148302622164542280421757760762365459828223070815503469404938
317755053305094698999476119419231280721807216964
3784333136067606769651871383943387724854936890618457005720436
9666646508073449581449596630624669867983287258630006421522021
0171813917325275173672262621454945468506006334692713838311715
8497530926432524869602200590998026637653862254632651684149633
0636954808655110125675771789061669475834404348621848536959160
2172030456183497524162039926441331651884768606830642004858557
9244733402901425888764037125186422290163336915850632737271995
9636291278334478621888787100953375355105468898023637826371492
6913289564339440899470121452134572117715657591451734895195016
8006213539271754198438761635434798069208866662270995123717062
4192491428257645312576993973534167304686458518197966823201569
3792684926999983992413571941496882273704022820805171808003400
4806152617920139789451862952905584407037383005335524211539033
8518582936677919061011630623367314441920289385720185556959633
0833615450290424822309297087124788002017383072060482680156675
3975937899317935157999589295621563073384162945999002767308328
277165950642179665231904392505432267537318117553
1547678073947033893118510729772431837897267495745577818334549
5942317353558291046967315391275975687281861691161083156337232
6399688814905439432611971822749967911766285534018601983158096
2998179110720880499229201606205906727127359946187163494577499
5805337947187105456452579396024210259136415528398395201773012
7125148920510617082280083399856657866469207371142696823017704
1632482947940955869469908937916519100630518535210234518979812
7619143061864362703081977124992751056732909481202057747100687
7033797089342292071839037441675034938188363422292849467906602
8567429325164256904436347308765679705659567728529108124273315
4406580199802711579126254172797452862574865921933293805915239
5247355188871198603913196542875762901905039640835602462775343
1440915564218172945994159606197962263324271586342597794734868
2074802021538734729707999753332987785531053820162169791880380
7530063343507661477371359393626519052222425281410847470452956
8864775791350216092204034844914995077874310718965572549265128
269348951579507548617234139461036517661675032994
8642244039659511882264981315925080185126386635308622223491094
6290593178294081956404847024565383054320565069244226718632553
0764076187208678039171135636350126952509129102049604282323262
8996502758951052844368177415730941874894428065427561430975828
1276981249369933130289466705604140843089422311409127222381484
7036434101963041363073677106003815959082974641011442135832104
2574358350220737173219745089035573187350445827238770728271406
1629979196293572241044771550516525358675441093950792183690152
6113844038268005415092434651171143647789944455399365366772758
9565713987505542990824585609510036934663100673714708029927656
9334355009271898540501099174749799915543920319089619676154446
8604817540069568947146392824538380701044418104550617130516058
4355817521032338465829201071030061124283407458607006060194830
5513648670210203647084708074227043718937069656887956179287130
4522451684202740202196641560528033506129355873907939352440409
2584248380607177444609964035221891022961909032569042381374492
494906892314330884224399631396391545854065286326
4688075811487483714082841764552263863135202648940162624948023
8856823159910295262033712644927990193821113451844638754451639
1239377974190576649911764237637722282802318465738050121277809
6803156914772649102575035087587922481102235445244108724485657
0075518713214659209354850455282917074959677540445077949483637
1756062326925757412813110241910373338080434325310884694831555
7294022653949729138175813386194570577995618087559514136449076
1310961715592837658584003648937407682225752393598873108168966
7688287403837192827690431514106997678303819085690713091931340
8460195111474827663507246765349220400586266776329355166319396
2249897991270800446598226489912522681312430052810499505859567
6527123591494442612554437618645029202881358582871789577224116
3808151618316031297287969874801398286216456291961530963583373
1361972477333235302546657119690261123738062903024290427579454
9030022660847446513161741691916851746464945459696005330885252
7920834724952354731106741090992235410555062996876421539512493
559863113466617251168907856333289355691504494851
8911348830187636510063850256591643302192856559626391438289506
8324838727165616560111531517055222955765944972454788815532316
4174532671679788611411653555975883319796380709629988807673036
1694031773644814042786778425123244997469342134821717959519069
8204602997172001174857303889719205597414742453011135869766256
6077709702256332617011084637847955552585045780588794407560649
7412797453091841840520755852646220882148364675465223760921078
7539190454684852349759986044943322828073120679922402477507514
1058907746273343190912554513522253292759138420473846030561631
5423655293531227838975944651578733734346317228000103138042548
1404022090580405056003860937403435068863081434683848900708938
5650500275690596780694046984351845351341410316151336830437147
8664292538971716597862901072840075893970038831774264816372511
3277369926827709465342583596111881955092462062153978121197244
7626237715344520480698190825249439639622511138311774289785358
2559083249048049751604710425756975344255151577981560037084723
060348475397751368839040431601748624887133931181
8523029425425676202485688393970836748788453789172574145155917
9190353985350772009005949793529394596312134455033682606900598
2871772353337522194191554730374206234326289296839701505889219
1112049249864792053410872349115430987182160055762209075732304
6261065977449476583463130255986363150299596723524769439754625
3020678819330437228480020930535415564066483856937814460313869
7563459200233462606995955513484754147891180830329816421587452
9229526789379256477520290526753493566737442931826733745716424
6540774826790104677875908540813053144717645586989416966894043
6489952465247443988349583871206296485413357553813419500498743
8133690627039738745866042968715958207157665998266073170056244
6554176302450134915956728894261974614449690867165585978272922
8702723774835097362901019130417812735773037781804081589136005
2073158069410343050031843493423602692447330600138611197817744
7266960892832105254311649603342010203260386367253288964833340
5862204843616575362001468405476649666473566979572953394809138
263703324220930839366954980688240491622063147911
4946420425000224504134255585619374429052572524363200544874415
2430730521507049102043407657247686509575117412541372953164452
1765577235348601821566833352520532830000108344008762266843817
0232356056451582569541773591978136499755596019125677449427179
8636004584740520929008939731527602430495165386443138814787697
7541478757432610159879709758855625806766197973098472460769484
8211279484279765366070550516391044150225544203297212920330093
5335668729459591232796588637648689418843364054849400957496579
1657687213927330153555097865114767947399690623184878377515462
6138236516659563372093457082083018404827970057280714329257275
7743622958704736164160973181724159420427036606640408974024552
1530725227388637241859646455223673260411164598464020010216920
8233151553888210715271912678765317950719082045251004478212913
1854405481449415186711420710369389112912501275085346633771774
9376016543454696390042711129829255096830420665725364279472200
0208353138837087816499571897176293387948542712768826520037663
259245616148687448974715193662192756658524621144
5740701067538042756418444083480520383826505260169858406008478
8422421887856927897751810442805474427229455167420335686460609
9779731249504333214252050536757904995207835976504153790011325
7953604065517265487902217359544415113942923164895066317781303
9057462082449171921311864129633704661406456900178942356738775
5231309527859127745332418554424844844936642107313488191806401
8922231730215664581347318644999790578166209146987071803938888
5781280740226363602294114354869871402143572055947730892808653
6789202019351026053615679244832767494761178583160718657103108
4220056025954511519139130911954444784436103274187610233884339
1687589233423790859841968266525610628751237572318491474951945
9857288979349817917618226524804082371281097907726388642860679
1708228857585270347083971456161992624784479469279499684594563
2382702297364173503430783194115698247820013290851202878474805
8601889600459017459740556307327144876790852888679788099706952
4068100662561144001498341358088973724684406494885707416768791
641322420537365406733018639249791091547478595916
3865597507090581175924899502214799250945635582514315814464060
1342834904227983579396592589852007638456466816407326819283460
0776728587628490006887456463927496441590403403367233781449159
7032941787294155061054129515400159393851663929325677429557549
4800466582735796539909402335436446493768272725418736275475329
7680819032533614108643308423777173899522153676309530204590243
8694632702895293994483013577589081214884558493819874505920914
0672095224690962630769417533409836988593637003149737289779963
6001862650017492929008793118999782296371230664229799616358257
2600112288983647651418045975770042120833949364659647336464289
0444993253962270919073737057720513228159578632275919127860542
9786295318861555980472816071086413280358540016005557568685579
1785977899197902656592621283007225351401525973569300729015392
2111168685047404021721744420517380002513610004945341193243316
6834424312596309881239696220235885839558783168519483312665357
7353244379935683215269177042249034574534858913812582681366908
929476809052635560638119661306063936938411817713
5459298843172329122362624588683942028899816935611698654298847
7651311822766252673997880881601047065154233501567135374481708
6234314662531190291040152262927104099285072418843329007277794
7541116375521765635893163266360493812184018375128188847711689
7547948376766408484275362307401954218321798549626066659034792
5816342392670947839907062923166535037285019751324813803837070
8946389254708870390857235810061306286466647100061043521157789
2661343221465531141188259694292628452210902668841497576334155
4921135581254616558078273470115814006008345762133130389987843
2706537199567095708473857860926491888583787392391655542635773
0129224364160406255173689233563656885436585164620782187574172
4364525814143487632761341752707376754922276287782264765154315
3415857137735227303354033763642042580342572647496862178236669
5135341067737842113137113198737322289180527506281227771641249
4412401207125954319991746574745892582613712825555535080404143
9445572959945546356084872513394629363589408320989648016195831
304297209647941285393889962653689282638076771687
5958850221646458243094016500968879736615773356031683671038689
5228270941509545222744002735499253670214715994056544813842186
3801287999008209335763207363694059914242637182940006137419005
7951309629854533074819780256830108967287380223482048886297313
0369689882640657904781562389778485365025691064231795736025330
9087632717849111897484322468680863403839641761276057886465744
7228482493268744306255122050695516846466947718368191143287354
4815836350548146411099960143390595799766290646881295025039150
9236330110760706328633173933781496933802475800350527897827557
5092860403942050634293932706463616103182287924815267930686274
9237275631852225654266008556849497720285909150930495425967473
6483314372363495554489015986684083621769135596560395196704253
6886348236958712946252475903177681318497758827657674048255813
6502103649585505703259219957675334264223783723586058509403583
9771034766706447886408311096503025652156074640196527169997323
7346523717345659551455949309816664400621159934913318013515052
865184217882802634332593475585076116869770912558
0056185683710540856081249519403148064618719402577663285267019
6983875675615246967590281068648968692933159543520976875271372
0161616093117425019970928968494003469624232568841066511330437
7412256176258658941236728171145526423894512631717834790276921
1714528873529550193367592189080060486337377867281806102547825
7043678844950351892578749983669478590861297554308412267706095
4347612133717433156783790162012337237023338316414706428592185
9776101582327219979150628718681867509816655377450130208803339
0435363977026336380909852649453262814655806554650482348642949
5390613257400496912888340518222933644476683855037967975809619
9835758070277595359687882261946596122230445492756002749551685
8354258229533604283442631847806882539545074669187789776540603
8432512843812811316856204608617289408229658626174420766920297
4279300881295198546787135486232366104132165812792671515459615
9435259345675744599230788920551954008231640971959125002545523
7503106735639748835542480449681383030671851931491335789202123
605308199952020584503423499932150962634977812456
6583046805818245635248146258493319261954068848184464452484294
8606301616947666324262523147632237110969536948382448231641039
6224507675405614287468267835723704895606990652792688455844512
0466548533785340266466450423396384882577198749536113004942155
9373554521192618672147826541688560409492829005661688380763765
6690510740892510549165222968878676968631652514917701499900066
6373445461202627807019256987062255409289451947187780043061300
2182828742586704874848082694857344477824407873410271082487026
9523830804910960482013901294024631244800159336670212658317677
8797529659634725768943265404358892672939506878608306262662632
8739208732730254791009993211338897780781433672879144876837368
6467748528777737403547472871644217767820712964506270880978637
9281440711925051411480049070556080972292997924414710628522470
2987069986922767634177351325860290890387570745436807787642238
5333700692089616351009233587303986543906071880952557553380364
7258950073067721225280781794710564811713785574510576910443229
254290241494335883960936793213616969542512997310
3103280443695450192984382084238312126582574059450942694277730
7124802176915781835720087170538773256017987133005505911377823
8417916402808414096238208476373930139307784285545452223675598
2466625060875428487610414566136222764240591430445558085631818
0935230407793891614902116292400515074914068443203230365609954
8786209991943065644553325471355573653185160117003215506907877
1675206288152788589714941032098698408304896652435103050244467
9931779147659103428949129054120361601695671222140806369405940
3045521862128799330928562310224184463652890974446401519866231
8388196244482259078358591404368619301904145896269387890703498
2169868696934448086213990534591792826654304798207219634134755
6465254831437711566784590777971965107724680002935815462676463
1022427900731363135252206706295112593587447313418649249728278
4796644585448962932905262058065248588707020879389134476083344
6531709392424082493280089157313195413483118209277524868805487
3394331586756266612217935505119060999291137944563499562739189
845902902171315570609626788167330294019846423739
0445098028030948975981259252055850973537436556825780313681902
0071516756938272818188245875417107211808065564480391225045370
8942269535838219253507569283409563985926559974039131670929004
3996275976830375217503360879028295673068862263077729733533853
6826687345190357097096873223237383004940901232392743187590465
2632709517840626726482889364689659321916952110636172975707437
6148061601331104911692271318609404145014842866423634716982892
4181804843652305388645598098392738364906854808230142678031439
3744043180782267877949400620648915124895251654300563444837504
6751754207043313372486870633237561645232360481932024377596890
9147833721795536769926032357151855133910984027390637532807023
1330175575426939620262942391094532353791012594896494181256367
2992967084250667599803456273455598559628512281414582556024841
7833056452405084500659887559875186013358606249327844877720068
4229659194551653956298296059161004657890721484205486183041817
5604559815168088031783080261445994444677918012432146400983610
678683412974872596729258786806223080115822026289
0143644590023016458236667092655712645599257906223047452356255
7511177079151200278938097577546854612101730752279924140702630
8137792971909461413145802081087738121624539858769697371425881
8361526050693809269177120873219150058319771133227935723850719
4061276129187257209940493025027774815661402132743474388196641
3330052634229082906400927944924808556131183440161804801357032
5078363239389215676431596204426128097009441077761306389090712
9445639405660155924602545420477118614042015523337127050137712
1034570009578009389265329385720478576508777149663403003562380
5957571916093821713122228104658583889435071764319399730126615
9142383717028440012039948588099623185947247485877658435507700
6934099220340378772192728370301380838144394114984971730766162
9613420591050148142839497006959516769390415579028563569110555
4731268457149744963532055467794077518405666763722296909034612
8706829887104278761090090999160443821794511763620835379716161
8331243644312678554355508005079861246643977241355021282380267
267199149897272485129812872836974892764207928686
6697017725979440785815590933250855413129994658111852769165246
4790819119384233275897699573012098103009171001695718791616942
2700795289151919125210538918385389593151674005057238174010306
2100438024301118797770425232807323657512960937245605368003751
6596164236147709330391224409752871732067976128120428026739256
5573056759315126457500478757565318548258214115740304731474925
1191083561576573200254610968670189030764853137383291268248174
1181359032826625082549313211431478953352317043989053928534946
6428860742683718249024980924794872266336868237995808756370408
0865564932190548963778554953116739793527079947045239915329753
4358690514105864096534514182896474439367182852711843560799285
8959781765439501130888484191635166732136928608309567445028018
0037371645800916808297270871560918503865405343666004550498562
4687376022557041595800250174095361839287643458003670864954057
9417200851363571271637683234931342307038212744845014405295416
9537438194545945653316514099099372272280101965465272622783151
210346768616682613147184361002551786324795015002
2953695466317739589344131481485834694374523981159954666071205
9977943634401850783608991089480734196339392593189739409431100
4211672912019972262660987192701402410580551531510010980499604
4147291039451030312664114726736839973315035036742741546992633
1652704329406752374490750567395089296747791158008643999925648
1720884742925082154627985607912776861194608621034940553585013
4472190244543824521089284409498132717010673966471114931896789
9776615954881861931769001750279017838246243878738314832795008
7902643399257702658800584977898462429566032127694581082434812
9690840972550671054732471317254997191901039553305847040728081
6931586260938860191476899441376736214320836073751315743763167
5466647918675389657155510085062681000511982748680778059266776
5654100834778571024250133253391587384761024129794736751001163
4989778037459300254576098706710921535971151782520142812166475
4303407512860024029703842861598428981660214342984908891735968
2192284469123035904329877231843309914187264674607558318725713
138832356015809009594182530207799397648462597901
8833417938309209658414635744119858782964758509430530081483418
2174782660377376225299770346875290351731079208322003808080921
2164346586817989810504274375385786789186350517717501606531826
4069288832501359195171785376878658817523664215340109612957630
7476264807031275736578776235285905715393248457650394439049666
8087711899192498933896524852395536795827530614167131757915756
3866060048399941795487058682092011951549520312945624513154225
0657485862916160652379664301017269395028229466748968174682116
3996794950294284013099235901278250437428192557634533217576162
2927511105983682715672297786200537229323140828870587494440601
1623652162771755850301345147145276584186427707176996843549962
0257547431811994883385806759692359580622165832464092095350648
3579358177429030183153512900143214955181774569083887193206977
6969565777175449914991143136895083616069253960646989337487094
2933219185601299108564470256257163505508620689240297589684714
2836786847354555335834776525361565781899969830686546717364459
963431364681954274204904724330646750014426975083
2236901308389549263706677840653132866488608012951377172084758
1157719491012345141774941482773580041432667332379617716965698
5827858323005052658835022478680506482014445705931973433829238
6007260169651090325898090991283765227538149352984509941496693
3862815568031306981064525192703818515872648691762563239441425
2161184277691450677184117357143966810056154839524431549448642
3838429890039982611332246896334652210469254513796927600971964
5338955332105584245640187448611050959111766828942711640054010
5037704203460525213182280458929986379035723506651087823500433
4994239128523630889651098924664105633158417114288530414377228
6629832318970869030400301325951476774237516158840915838059151
6735045191311781939434284829222723040614225820780278291480704
2676162930253922832108491775998420059510531216473181840949313
9800444072847325902609169730998153853939031280878823902948001
5790080000000000000000000000000000000000000000000000000000000
0000000000000000000000000000000000000000000000000000000000000
0000000000000000000000000000000000000000000000000000000000000
0000000000000000000000000000000000000000000000000000000000000
0000000000000000000000000000000000000000000000000000000000000
0000000000000000000000000000000000000000000000000000000000000
0000000000000000000000000000000000000000000000000000000000000
0000000000000000000000000000000000000000000000000000000000000
0000000000000000000000000000000000000000000000000000000000000
0000000000000000000000000000000000000000000000000000000000000
0000000000000000000000000000000000000000000000000000000000000
0000000000000000000000000000000000000000000000000000000000000
0000000000000000000000000000000000000000000000000000000000000
0000000000000000000000000000000000000000000000000000000000000
0000000000000000000000000000000000000000000000000000000000000
0000000000000000000000000000000000000000000000000000000000000
0000000000000000000000000000000000000000000000000000000000000
0000000000000000000000000000000000000000000000000000000000000
0000000000000000000000000000000000000000000000000000000000000
0000000000000000000000000000000000000000000000000000000000000
0000000000000000000000000000000000000000000000000000000000000
0000000000000000000000000000000000000000000000000000000000000
0000000000000000000000000000000000000000000000000000000000000
0000000000000000000000000000000000000000000000000000000000000
0000000000000000000000000000000000000000000000000000000000000
0000000000000000000000000000000000000000000000000000000000000
0000000000000000000000000000000000000000000000000000000000000
0000000000000000000000000000000000000000000000000000000000000
0000000000000000000000000000000000000000000000000000000000000
0000000000000000000000000000000000000000000000000000000000000
0000000000000000000000000000000000000000000000000000000000000
0000000000000000000000000000000000000000000000000000000000000
0000000000000000000000000000000000000000000000000000000000000
0000000000000000000000000000000000000000000000000000000000000
0000000000000000000000000000000000000000000000000000000000000
0000000000000000000000000000000000000000000000000000000000000
0000000000000000000000000000000000000000000000000000000000000
0000000000000000000000000000000000000000000000000000000000000
0000000000000000000000000000000000000000000000000000000000000
0000000000000000000000000000000000000000000000000000000000000
0000000000000000000000000000000000000000000000000000000000000
