8827526592258149489507466399760073169273108317358830566126147
8299766318807006304463242911226069193127888156622159152327045
7695867512821990938942686601963904489718918597472925310322480
2105438410443258284728305842978041624051081103269140019005687
8439634150269652104892027214023216023489858882737142869533968
1755106287470907473718188014223487248498558198439094651708364
3689943061896502432883532796671901845276205510857076262042445
0962332320474470783119043449935144262550170177101737955112474
6159471731862701565571266295855125077711738338208419705893367
3237244532804565371785149603088025802840678478094146418386592
2665280686797884325066053794304625028710510492934726747126749
9892634627358167146935060495110340755404658170393481046758485
6259677679597682994093340263872693783653209122877180774511526
2264254877183546110888636084327280622777664309728387905672861
8036048633464893371439415250259459652501520959536157977135595
7949657297756509026944280884797612766648470036196489060437619
3469427044407021531794358383105140491546260872848667875054167
4146731648999356381312866931427616863537305634586626957894568
2750658102359508148887789550739393653419373657008483185044756
8221544406759920313807707353997803633926733454954929666875992
2530893898086430606532961793164029612492673080638031873912596
1511318903593512664808185683667702865377423907465823909109555
1717977058079778928975249023073780175314268036391424472025772
8891784950078117889336629750436804214668197824272980697579391
74222945668318581567681628879787062
