4531246651727622758295493421483658868919299587402095696000243
5603052898298663868920769928340305497102665143223061252319151
3184387690382370620539920693394371688046642971147674356448637
5026847698148853105354063328845062012173302630676481322931561
0435519417610507124490248732772731120919458651374931909651624
9769165755381219856643220797866630039893866023860735785811439
4715872800893374165033792965832618436073133327526023605115524
2272284472514638632693697637625101967143801256912277844284269
9944082915221590469443728249865808520518657629299277550883312
8672638418713277780874446643875352644733562441139447628780974
6506839529821081749679588364522733446948737934717907100649782
3646601668057203429792920744682232284866583952221144685957285
8403863377278030227591530497865873919513650246274195899088374
3873315942873720297706202071202130385721759332111624133304227
7374241635355358797706530964768588607730143277829032889479581
8404378858567772932094476778669357537460048142376741194182671
6368704810569111562156143575162905273512243500806046536689174
5819654948260861226075029306276147881326895528073614902252581
9682815051033318132129659664958159030421238775645990973296728
0666838491662579497479229053618455637410347914307715611686504
8429249028110299252967873529876782926904078877848026247922275
0735948405817439086251877946890045942060168605142772244486272
4699111462001498806627235388378093806285443847630532350701320
2802948839200813213544645005613498701783427110615817728981929
065649868808104556223370306725425127727733028349
