8433595772575956224703707793387146593033088629699440318332665
7975146765027173462988837773978482187007180267412659971587280
3544047843247867490712792167289852358848694354669225510133760
6377915164597254257116968477339951158998349081888281263984400
5055462100669887926145582145653196969098272539345157604086134
7625877816586729441077535882416231577908253805474693354058246
9717674324523451498483027170396543887737637358191736582454273
3474904242629460112998819165637138471118491569150547681404117
4980145426571239420442544102807580600138819865061375928853903
8922644322947990286482840099598675963580999112695367601527173
0868527565721475835071222982965295649178350717508357413622825
4505562027096941747679925922977488862741131458767614753145689
5328093117052696486410187407673296986649236437382565475022816
4719268155598831966298483077766668406223143158843849105190582
8181674076446303330011971029303645586659465186907447525083784
1987622990415911793682799760654186088721626654886492344391030
9232569106337759697390517811227646684867917360494043937033393
5190060938726839729924647848372727477097746669359978485712015
6789000241947269220974984127323147401549980920381459821416481
1763571478015542315996678385348544864069364105569135313352311
8405358134894093819182189869482538396098994282202759933963520
6217705343572073396250574216769465101608495601439303244304271
5760995273086846092044222261031542299844448021100981613338248
2737521899873820531516492713449810595015997480057159191220215
44877487501034732461906339413030308
