9239941198500622590218416440998817321432442210855424862089625
0260604398180189026317781146617454999771440665232863846363847
0016556181538610981881111817341913055050248603458567555856375
1172977429932907494423657966833270091836733897734790175924888
5660379952771540569083017311723894140326159612292912225191095
9487438056733812785386164918427869384175568980471008598683720
3361517515809702256627520016095619222992540175987852203854591
3771783976389811198485803291048751666921195104514896677761598
2494687274206634375932078526189226872855276713248832677941529
1283916540796834419023909480367668870783801136704275397139620
1424784935196735301444404037823526674437556740883025225745273
806209980451233188102729012042997989005423126217
9681352377580411625114591759932791341765072928267622368972919
6052828967522352142523421724784186931739746041187763460462563
7135309801590617736758715336803958559054827361876112151384673
4328843250900456453581866819051087317913462157303395405809871
7201384437709927953279767553109938136584040355679573189414197
6511436325526270639743146526348120032720096755667701926242585
0577706178937982310969867884485466595273270616703089182772064
3255191939367359134603775708319318084592956515887524459760172
9455720505595085929175506510115665075521635142318153548176884
1960320850508714962704940176841839805825940381825939864612602
7595424743337622625628715391606902509898507079866062173220016
3593938611475394561406635675718526617031471453516753007499213
8652077685238248846006237358966080549516524064805472958699186
