9435881119783368014148807832121345715236012406592220850891295
6907835370576734671667863780908811283450395784812212101117250
7183833590838861875746612013172982171310729447376562651723106
9488442549836951414738389247774232094020783120080723532628805
3906266018186050424938788677872495503255424284226596271050692
6460717674675023378056718934501107373770341193461133740338653
6467513673366139473155021145710467116144525332485019790108343
1641989998414045044901130163759520675715567509485243580269104
0776372109986716242547953853128528899309565707292186735232166
6609787498963536261052982147256948279999622082577584098845848
4250391189447608729685184983976367918242266571167166580157914
5008116571922002337597653174959223978849828147055061906892756
2521046218566130580025560797460972671503332703231002527464042
8755556546883765838802543227403507431684278620637697054791726
4843781744463615205709332285872843156907562555693055588188226
0359000673933995250437988747093507927618111627630977125798397
5996526612120317495882059435754883862282508401408885720583992
4009712192125480740977529742787759125660264434827136472318491
2518086627870862611669998963481240580368479458736482012465366
3228889011636572270887757736152003450102268890189101673572058
6614100117236647626578353963642978190116470561702796319223322
9422873930923333074825893762619899759653008413538324112589963
9629445129082802023225498936627506499530838925632246794695960
6690469066862926450062197401217828998729797048590217750600928
93328957272392019589994471945147360
