8507704007257174393181484619094062695452850305263410005650222
2615230936488288712204645426770057714899433514716250425236517
3710266068647253458120186683273953682547456536553597546685788
7000569883602866864507402569930874834410940860863037079082952
4057673168494185581048247530475892339280157130282410623499994
5932390521409856559565661346003396150515164758852742214732517
9995489779928495227460298556667008118712008561550164574004841
7021030303899633925333746655681782441073740933691929410463230
7731994759826307383499600770372410446285414648704116273895649
8345551621656851145513838220470054839966717062464675661012913
8204890912111722938624425315891306698746204558724480605282937
8148302622164542280421757760762365459828223070815503469404938
3177550533050946989994761194192312807218072169643784333136067
6067696518713839433877248549368906184570057204369666646508073
4495814495966306246698679832872586300064215220210171813917325
2751736722626214549454685060063346927138383117158497530926432
5248696022005909980266376538622546326516841496330636954808655
1101256757717890616694758344043486218485369591602172030456183
4975241620399264413316518847686068306420048585579244733402901
4258887640371251864222901633369158506327372719959636291278334
4786218887871009533753551054688980236378263714926913289564339
4408994701214521345721177156575914517348951950168006213539271
7541984387616354347980692088666622709951237170624192491428257
6453125769939735341673046864585181979668232015693792684926999
983992413571941496882273704022820805171808003400
