2846259680917054518906413212119868890148051401702799230794179
9942744113400037644437729907867577847758158840621423175288300
4233994015351873905242116138271617481982419982759241828925978
7898124253120594659962598670656016157203603239792632873671705
5741975962099479720346153698119897092611277500484198845410475
5446424421365733030767036288258035489674611170973695786036701
9107151273058728104115864056128116538532596842582599558468814
6430425589836649317059251717204276597407446133400054194052462
3034368691540594040662278282483715120383221786446271838229238
9963899282722187970245938769380309462733229257055545969002787
5282242544348021127559019169425429028916907219097083690539873
7474524833728995218023632827412170402680867692104515558405671
7255537201585213282903427998981844931361064038148930449962159
9999359670892980190336998484404665419236258424947163178961192
0412331082686510713545168455409360330096072103469443779823494
3078062606942230268188522759205702923084312618849760656074258
6279448827155956831533440534425446648416894580425709461673613
1876052349822863264529215294234798706033442907371586884991789
3258069148316885425195600617237263632397442078692464295601230
6288720122652952964091508301336630982733806353972901506581822
5742954758943997651138655412081257886837042392087644847615690
0126488927159070630640966162803878404448519164379080718611237
0622133415415065991843875961023926713276546986163657706626438
6380298480519527695361952592409309086144719073907685857559347
8698172073437209310482547562856777769408156407496227525499338
