4806152617920139789451862952905584407037383005335524211539033
8518582936677919061011630623367314441920289385720185556959633
0833615450290424822309297087124788002017383072060482680156675
3975937899317935157999589295621563073384162945999002767308328
2771659506421796652319043925054322675373181175531547678073947
0338931185107297724318378972674957455778183345495942317353558
2910469673153912759756872818616911610831563372326399688814905
4394326119718227499679117662855340186019831580962998179110720
8804992292016062059067271273599461871634945774995805337947187
1054564525793960242102591364155283983952017730127125148920510
6170822800833998566578664692073711426968230177041632482947940
9558694699089379165191006305185352102345189798127619143061864
3627030819771249927510567329094812020577471006877033797089342
2920718390374416750349381883634222928494679066028567429325164
2569044363473087656797056595677285291081242733154406580199802
7115791262541727974528625748659219332938059152395247355188871
1986039131965428757629019050396408356024627753431440915564218
1729459941596061979622633242715863425977947348682074802021538
7347297079997533329877855310538201621697918803807530063343507
6614773713593936265190522224252814108474704529568864775791350
2160922040348449149950778743107189655725492651282693489515795
0754861723413946103651766167503299486422440396595118822649813
1592508018512638663530862222349109462905931782940819564048470
2456538305432056506924422671863255307640761872086780391711356
36350126952509129102049604282323262
