6527123591494442612554437618645029202881358582871789577224116
3808151618316031297287969874801398286216456291961530963583373
1361972477333235302546657119690261123738062903024290427579454
9030022660847446513161741691916851746464945459696005330885252
7920834724952354731106741090992235410555062996876421539512493
5598631134666172511689078563332893556915044948518911348830187
6365100638502565916433021928565596263914382895068324838727165
6165601115315170552229557659449724547888155323164174532671679
7886114116535559758833197963807096299888076730361694031773644
8140427867784251232449974693421348217179595190698204602997172
0011748573038897192055974147424530111358697662566077709702256
3326170110846378479555525850457805887944075606497412797453091
8418405207558526462208821483646754652237609210787539190454684
8523497599860449433228280731206799224024775075141058907746273
3431909125545135222532927591384204738460305616315423655293531
2278389759446515787337343463172280001031380425481404022090580
4050560038609374034350688630814346838489007089385650500275690
5967806940469843518453513414103161513368304371478664292538971
7165978629010728400758939700388317742648163725113277369926827
7094653425835961118819550924620621539781211972447626237715344
5204806981908252494396396225111383117742897853582559083249048
0497516047104257569753442551515779815600370847206034847539775
1368839040431601748624887133931181852302942542567620248568839
3970836748788453789172574145155917919035398535077200900594979
3529394596312134455033682606900598
