7743622958704736164160973181724159420427036606640408974024552
1530725227388637241859646455223673260411164598464020010216920
8233151553888210715271912678765317950719082045251004478212913
1854405481449415186711420710369389112912501275085346633771774
9376016543454696390042711129829255096830420665725364279472200
0208353138837087816499571897176293387948542712768826520037663
2592456161486874489747151936621927566585246211445740701067538
0427564184440834805203838265052601698584060084788422421887856
9278977518104428054744272294551674203356864606099779731249504
3332142520505367579049952078359765041537900113257953604065517
2654879022173595444151139429231648950663177813039057462082449
1719213118641296337046614064569001789423567387755231309527859
1277453324185544248448449366421073134881918064018922231730215
6645813473186449997905781662091469870718039388885781280740226
3636022941143548698714021435720559477308928086536789202019351
0260536156792448327674947611785831607186571031084220056025954
5115191391309119544447844361032741876102338843391687589233423
7908598419682665256106287512375723184914749519459857288979349
8179176182265248040823712810979077263886428606791708228857585
2703470839714561619926247844794692794996845945632382702297364
1735034307831941156982478200132908512028784748058601889600459
0174597405563073271448767908528886797880997069524068100662561
1440014983413580889737246844064948857074167687916413224205373
6540673301863924979109154747859591638655975070905811759248995
02214799250945635582514315814464060
