1342834904227983579396592589852007638456466816407326819283460
0776728587628490006887456463927496441590403403367233781449159
7032941787294155061054129515400159393851663929325677429557549
4800466582735796539909402335436446493768272725418736275475329
7680819032533614108643308423777173899522153676309530204590243
8694632702895293994483013577589081214884558493819874505920914
0672095224690962630769417533409836988593637003149737289779963
6001862650017492929008793118999782296371230664229799616358257
2600112288983647651418045975770042120833949364659647336464289
0444993253962270919073737057720513228159578632275919127860542
9786295318861555980472816071086413280358540016005557568685579
1785977899197902656592621283007225351401525973569300729015392
2111168685047404021721744420517380002513610004945341193243316
6834424312596309881239696220235885839558783168519483312665357
7353244379935683215269177042249034574534858913812582681366908
929476809052635560638119661306063936938411817713
5459298843172329122362624588683942028899816935611698654298847
7651311822766252673997880881601047065154233501567135374481708
6234314662531190291040152262927104099285072418843329007277794
7541116375521765635893163266360493812184018375128188847711689
7547948376766408484275362307401954218321798549626066659034792
5816342392670947839907062923166535037285019751324813803837070
8946389254708870390857235810061306286466647100061043521157789
2661343221465531141188259694292628452210902668841497576334155
4921135581254616558078273470115814006008345762133130389987843
