2706537199567095708473857860926491888583787392391655542635773
0129224364160406255173689233563656885436585164620782187574172
4364525814143487632761341752707376754922276287782264765154315
3415857137735227303354033763642042580342572647496862178236669
5135341067737842113137113198737322289180527506281227771641249
4412401207125954319991746574745892582613712825555535080404143
9445572959945546356084872513394629363589408320989648016195831
3042972096479412853938899626536892826380767716875958850221646
4582430940165009688797366157733560316836710386895228270941509
5452227440027354992536702147159940565448138421863801287999008
2093357632073636940599142426371829400061374190057951309629854
5330748197802568301089672873802234820488862973130369689882640
6579047815623897784853650256910642317957360253309087632717849
1118974843224686808634038396417612760578864657447228482493268
7443062551220506955168464669477183681911432873544815836350548
1464110999601433905957997662906468812950250391509236330110760
7063286331739337814969338024758003505278978275575092860403942
0506342939327064636161031822879248152679306862749237275631852
2256542660085568494977202859091509304954259674736483314372363
4955544890159866840836217691355965603951967042536886348236958
7129462524759031776813184977588276576740482558136502103649585
5057032592199576753342642237837235860585094035839771034766706
4478864083110965030256521560746401965271699973237346523717345
6595514559493098166644006211599349133180135150528651842178828
02634332593475585076116869770912558
