9523830804910960482013901294024631244800159336670212658317677
8797529659634725768943265404358892672939506878608306262662632
8739208732730254791009993211338897780781433672879144876837368
6467748528777737403547472871644217767820712964506270880978637
9281440711925051411480049070556080972292997924414710628522470
2987069986922767634177351325860290890387570745436807787642238
5333700692089616351009233587303986543906071880952557553380364
7258950073067721225280781794710564811713785574510576910443229
2542902414943358839609367932136169695425129973103103280443695
4501929843820842383121265825740594509426942777307124802176915
7818357200871705387732560179871330055059113778238417916402808
4140962382084763739301393077842855454522236755982466625060875
4284876104145661362227642405914304455580856318180935230407793
8916149021162924005150749140684432032303656099548786209991943
0656445533254713555736531851601170032155069078771675206288152
7885897149410320986984083048966524351030502444679931779147659
1034289491290541203616016956712221408063694059403045521862128
7993309285623102241844636528909744464015198662318388196244482
2590783585914043686193019041458962693878907034982169868696934
4480862139905345917928266543047982072196341347556465254831437
7115667845907779719651077246800029358154626764631022427900731
3631352522067062951125935874473134186492497282784796644585448
9629329052620580652485887070208793891344760833446531709392424
0824932800891573131954134831182092775248688054873394331586756
266612217935505119060999291137944563499562739189
