4112809289637516990219870492405617531786346939798024619737079
0418683299310165541507423083931768783669236948490259996077296
8429397742753626311982541668153189176323483919082100014717893
2184227805135181734921901146246875769835373441456013122615221
3911787596883673640872079370029920382791980387023720780391403
1236899760815284030605111670948472222487038919999344207139583
6983063962232079115624044250808919914319837120445598344047556
7594892121014981524545435942854143908435644199842248554785321
6362403009844285533182925315420655123707970581639346029624769
7010388742206441536626733715428700789122749340684336442889847
1008406416000936239352612480379752933439287643983163903127764
5072247926785170082666959838952615075900734921519759265919270
8873202594066382118801988854748266048342256457705743973122259
7006719360617635135795298217942907977053272832675014880244435
2868164502616566283754651900617187344226043891929850607151539
0031106684727360135816706437861756757439184376479658136100599
6386895523346487817461432435732248643267984819814584327030358
9550842053478849336458248259203328808902578238823326577020524
8970937047210214248413342465268206806732314214483854074182139
6218468701083595829469652356327648704757183516168792350683662
7174371191572336114307012112076760869785155972184648598591864
3641716850899625516820910793570231118518174775010804622585521
3147648974906607528770828976675149510096823296897320006223928
8805665803614031128546592908407803397490066495320587316494809
3883816198658850827382468034897864757116679
