9445639405660155924602545420477118614042015523337127050137712
1034570009578009389265329385720478576508777149663403003562380
5957571916093821713122228104658583889435071764319399730126615
9142383717028440012039948588099623185947247485877658435507700
6934099220340378772192728370301380838144394114984971730766162
9613420591050148142839497006959516769390415579028563569110555
4731268457149744963532055467794077518405666763722296909034612
8706829887104278761090090999160443821794511763620835379716161
8331243644312678554355508005079861246643977241355021282380267
2671991498972724851298128728369748927642079286866697017725979
4407858155909332508554131299946581118527691652464790819119384
2332758976995730120981030091710016957187916169422700795289151
9191252105389183853895931516740050572381740103062100438024301
1187977704252328073236575129609372456053680037516596164236147
7093303912244097528717320679761281204280267392565573056759315
1264575004787575653185482582141157403047314749251191083561576
5732002546109686701890307648531373832912682481741181359032826
6250825493132114314789533523170439890539285349466428860742683
7182490249809247948722663368682379958087563704080865564932190
5489637785549531167397935270799470452399153297534358690514105
8640965345141828964744393671828527118435607992858959781765439
5011308884841916351667321369286083095674450280180037371645800
9168082972708715609185038654053436660045504985624687376022557
0415958002501740953618392876434580036708649540579417200851363
571271637683234931342307038212744845014405295416
