9537438194545945653316514099099372272280101965465272622783151
2103467686166826131471843610025517863247950150022953695466317
7395893441314814858346943745239811599546660712059977943634401
8507836089910894807341963393925931897394094311004211672912019
9722626609871927014024105805515315100109804996044147291039451
0303126641147267368399733150350367427415469926331652704329406
7523744907505673950892967477911580086439999256481720884742925
0821546279856079127768611946086210349405535850134472190244543
8245210892844094981327170106739664711149318967899776615954881
8619317690017502790178382462438787383148327950087902643399257
7026588005849778984624295660321276945810824348129690840972550
6710547324713172549971919010395533058470407280816931586260938
8601914768994413767362143208360737513157437631675466647918675
3896571555100850626810005119827486807780592667765654100834778
5710242501332533915873847610241297947367510011634989778037459
3002545760987067109215359711517825201428121664754303407512860
0240297038428615984289816602143429849088917359682192284469123
0359043298772318433099141872646746075583187257131388323560158
0900959418253020779939764846259790188334179383092096584146357
4411985878296475850943053008148341821747826603773762252997703
4687529035173107920832200380808092121643465868179898105042743
7538578678918635051771750160653182640692888325013591951717853
7687865881752366421534010961295763074762648070312757365787762
3528590571539324845765039443904966680877118991924989338965248
52395536795827530614167131757915756
