3866060048399941795487058682092011951549520312945624513154225
0657485862916160652379664301017269395028229466748968174682116
3996794950294284013099235901278250437428192557634533217576162
2927511105983682715672297786200537229323140828870587494440601
1623652162771755850301345147145276584186427707176996843549962
0257547431811994883385806759692359580622165832464092095350648
3579358177429030183153512900143214955181774569083887193206977
6969565777175449914991143136895083616069253960646989337487094
2933219185601299108564470256257163505508620689240297589684714
2836786847354555335834776525361565781899969830686546717364459
9634313646819542742049047243306467500144269750832236901308389
5492637066778406531328664886080129513771720847581157719491012
3451417749414827735800414326673323796177169656985827858323005
0526588350224786805064820144457059319734338292386007260169651
0903258980909912837652275381493529845099414966933862815568031
3069810645251927038185158726486917625632394414252161184277691
4506771841173571439668100561548395244315494486423838429890039
9826113322468963346522104692545137969276009719645338955332105
5842456401874486110509591117668289427116400540105037704203460
5252131822804589299863790357235066510878235004334994239128523
6308896510989246641056331584171142885304143772286629832318970
8690304003013259514767742375161588409158380591516735045191311
7819394342848292227230406142258207802782914807042676162930253
9228321084917759984200595105312164731818409493139800444072847
325902609169730998153853939031280878823902948001
