8904235680183035041338757319726308979094357106877973016339180
8786847494363353389337358690640584841782806519627582643442925
8058422212947649402948622670761832988229004072390403733168207
4174132516566884430793394470192089056207883875853425128209573
5930701819770834016381763827856253951682542664461494104471157
9533262372815468794080423718587423026200264221822694188626212
1072977766574010183761822801368575864421858630115398437122991
0701009406192941322320277319395946700671369537709789777811828
8242442920864816134179562017471831609687661043140497958198236
4458073682094040222111815300514333870766070631496161077711174
4805955276434833338574404021275703185152729837743592187855855
2795591028664457917362007221858143309977294778923720717942857
7562713009239823979219575811972647426428782666823539156878572
7162014619224426626670840076566562580710947439874011077281166
9918806268726626565583345665007890309050656074633078027158530
8176912237728135105845273265916262196476205714348802156308152
5900534372114100030303924286645720732847348171203416818632896
8865048287367933398443971236735084527340196309427697652684170
1749907569479827578258352299943156333221074391315501244590053
2470268031291239229797903041758782339862237353505464264691350
2503951009239286585108682088070662734733200354995720397086488
0660409298546070063394098858363498654661367278807487647007024
5879011804651829611127709060901615202211146154315831766995706
0974618085359390400067892878548827850938637353703904049412684
618991272871562655001270833039950257879931705431
